VAL	IC1	IC2	IC3	IC4	IC5	IC6	IC7	IC8	IC9	IC10	IC11	IC12	IC13	IC14	IC15	IC16	IC17	IC18	IC19	IC20	IC21	IC22	IC23	IC24	IC25	IC26	IC27	IC28	IC29	IC30	IC31	IC32	IC33	IC34	IC35	IC36	IC37	IC38	IC39	IC40	IC41	IC42	IC43	IC44	IC45	IC46	IC47	IC48	IC49	IC50	IC51	IC52	IC53	IC54	IC55	IC56	IC57	IC58	IC59	IC60	IC61	IC62	IC63	IC64	IC65	IC66	IC67	IC68	IC69	IC70	IC71	IC72	IC73	IC74	IC75	IC76	IC77	IC78	IC79	IC80	IC81	IC82	IC83	IC84	IC85	IC86	IC87	IC88	IC89	IC90	IC91	IC92	IC93	IC94	IC95	IC96	IC97	IC98	IC99	IC100	
IC1	16	4.44	5.3	1	5.1	5.55	6.94	1.61	4.96	3.13	8.04	2.38	0.48	1.96	4.79	7.3	5.67	4.32	9.75	1.23	6.74	8.02	3.13	4.69	5.38	7.29	4.82	3.47	2.73	4.16	4.66	6.44	8.33	1.33	6.79	2.53	2.07	3.8	5.7	6.46	1.41	0.08	8.12	6.71	4.43	0.21	8.24	5.94	6.41	6.43	7.21	10.14	8.7	5.47	0.78	0.07	2.3	7.69	0.07	0.58	3.96	8.03	6.39	7.47	2.49	9.15	7.61	0.78	2.66	3.64	7.19	1.89	6.83	4.89	2.79	1	0.68	1	5.79	3.2	8.36	2.45	8.43	7.33	5.09	1.38	8.31	6.35	5.07	4.69	8.37	3.81	5.45	6.05	4.88	0.66	3.43	4.73	6.29	3.39	
IC2	4.44	16	16	0.09	16	16	16	8.1	16	1.05	11.14	0.27	9.45	15.65	16	14.54	8.4	15.05	16	2.72	16	13.24	16	10.72	16	16	3.71	10.82	16	12.89	2.18	4.68	16	0.45	16	1.96	0.03	0.16	16	16	5.37	4.44	9.64	4.33	4.06	3.38	14.03	1.71	2.1	16	16	16	16	0.38	0.7	12.03	1.94	16	1.45	5.91	1.13	16	16	16	0.4	14.48	16	1.49	0.28	0.15	16	16	16	2.16	14.18	1.81	4.05	16	15.18	1.67	16	0.69	16	16	16	3.45	12.28	16	5.14	3.53	16	1.94	14.81	11.27	8.56	0.9	5.66	15.65	16	15.65	
IC3	5.3	16	16	0.75	16	16	16	10.78	16	5.57	16	0.31	0.89	16	16	16	11.52	16	16	2.56	16	16	16	16	16	16	2.62	16	16	10.1	15.65	16	16	0.66	16	13.05	1.3	9.66	16	16	0.65	3.23	16	16	16	16	16	7.95	5.59	16	16	16	16	6.26	2.42	16	1.02	16	4.23	5.74	3.28	16	16	16	2.33	16	16	8.33	5.8	9.05	16	16	16	1.96	13.79	16	1.42	15.35	11.42	0.16	16	1.71	16	16	16	8.05	16	16	16	10.02	16	2.31	16	7.18	16	4.07	1.48	16	16	3.71	
IC4	1	0.09	0.75	16	1.27	2.52	5.21	0.25	0.97	3.51	4.44	10.51	9.78	1.21	0.96	0.26	10.58	0.3	5.04	10.65	1.13	9.1	1.16	0.73	1.2	0.1	15.65	0.17	0.27	0.9	0.62	1.75	1.68	7.44	0.64	3.44	7.02	4.28	0.98	0.21	11.82	7.15	3.31	1.93	2.52	6.47	2.5	12.54	10.29	0.86	3.14	1.82	6.88	3.34	8.38	5.31	11.16	3	8.95	15.18	16	2.07	1.19	3.17	6.9	3.89	0.64	2.21	1.8	5.95	2.03	0.19	2.89	16	1.09	4.56	5.25	2.84	12.68	12.58	2.56	7.73	4.85	0.85	1.29	1.99	0.87	0.26	0.7	10.63	4.02	16	0.42	12.38	0.19	16	16	0.22	2.63	9.39	
IC5	5.1	16	16	1.27	16	16	16	7.81	16	2.36	16	0.2	3.84	16	16	16	7.64	16	16	2.6	16	14.42	16	16	16	16	1.58	16	16	11.11	8.6	10.94	16	2.2	16	6.3	1.43	3.27	16	16	1.17	8.87	16	12.01	12.16	15.65	16	3.03	3.94	16	16	16	16	2.82	0.75	16	0.23	16	1.32	9.96	0.69	16	16	16	0.19	16	16	3.44	2.66	2.52	16	16	16	0.59	15.05	14.42	0.74	16	9.8	0.1	16	0.33	16	16	16	8.6	16	16	16	6.32	16	1.07	16	7.3	11.8	3.01	1.98	16	16	4.75	
IC6	5.55	16	16	2.52	16	16	16	6.23	16	4.03	16	3.22	0.3	12.44	16	16	16	16	16	14.61	16	16	16	16	16	16	10.38	16	16	13.13	7.09	9.25	16	0.03	16	11.25	0.44	5.39	16	16	9.73	3.9	16	9.91	16	4.99	16	9.97	9.57	16	16	16	16	3.24	2.49	7.8	4.53	16	1.72	1.51	7.87	16	16	16	1.59	16	16	0.28	3.4	4.9	16	16	16	5.94	13.75	2.56	0.32	9.49	16	6.41	16	3.64	16	16	16	11.46	16	16	14.7	16	16	14.54	16	16	6.33	2.55	16	16	16	16	
IC7	6.94	16	16	5.21	16	16	16	2.97	16	6.66	16	8.55	0.39	6.98	16	16	16	13.54	16	16	16	16	16	12.54	16	16	16	16	16	16	8.39	10.21	16	1.06	16	9.52	6.24	5.56	16	16	15.05	1.29	16	12.67	14.65	0.67	16	14.42	16	16	16	16	16	6.74	7.75	1.61	6.55	16	7.75	0.05	12.34	16	16	16	2.38	16	16	0.15	4.39	3.99	16	16	16	12.13	16	1.11	2.37	5.02	16	15.65	16	6.36	16	16	16	13.69	16	16	8.62	16	16	16	16	16	6.42	5.05	16	16	16	16	
IC8	1.61	8.1	10.78	0.25	7.81	6.23	2.97	16	11.98	0.58	2.4	0.83	8.09	6.4	9.94	7.54	4.35	3.74	3.78	6.19	11.4	5.05	2.05	3.44	16	3.43	2.03	1.47	8.24	6.16	0.97	3.48	15.35	0.73	11.84	1.26	2.5	0.15	5.68	6.13	0.21	0.08	2.44	2.28	3.28	0.79	7.35	1.07	1.5	10.98	4.49	7.23	5.95	0.01	2.72	3.28	2.36	8.28	0.97	3.9	3.47	9.25	0.29	9.77	1.23	5.32	7.63	2.67	1.89	0.57	11.62	14.42	9.79	1.16	0.06	0.27	3.69	16	1.63	0.12	5.85	6.58	6.58	5.02	4.01	1.08	3.48	13.08	2.12	1.45	6.8	0.03	2.64	0.93	12.99	0.6	1.25	0.73	6.39	3.2	
IC9	4.96	16	16	0.97	16	16	16	11.98	16	4.11	16	0.17	2.54	16	16	16	12.91	16	16	0.02	16	15.65	16	16	16	16	3.43	16	16	16	8.71	16	16	0.1	16	2.57	0.62	4.66	16	16	0.2	2.43	16	15.35	9.84	5.62	16	4.79	2.24	16	16	16	16	7.23	1.02	7.12	2.51	16	2.27	7.84	2.97	16	16	16	3.19	16	16	6.13	1.75	4.07	16	16	16	2.14	8.01	8.42	0.13	16	10.28	0.33	16	0.44	16	16	16	1.38	16	16	16	4.62	16	0.99	16	5.22	16	2.26	1.57	16	16	6.3	
IC10	3.13	1.05	5.57	3.51	2.36	4.03	6.66	0.58	4.11	16	16	9.95	10.63	3.02	2.73	9	10.24	7.93	16	6.93	5.48	12.56	1.88	9.78	0.95	6.38	8.27	6.49	0.04	2.33	16	16	7.45	7.89	5.72	16	6.9	16	7.67	2.7	1.03	6.04	16	16	10.13	0.36	16	16	16	3.63	3.84	13.29	9.17	16	0.43	0.15	8.76	10.22	1.85	8.25	10.19	4.58	10.55	5.4	13.51	15.65	6.26	3.34	13.03	16	5.32	0.14	4.79	13.93	4.4	5.96	0.28	1.34	9.49	2.58	7.88	16	7.54	13.56	3.01	3.55	16	5.16	12.53	16	13.87	11.34	11.42	8.01	11.13	0.02	1.85	8.83	6.76	2.08	
IC11	8.04	11.14	16	4.44	16	16	16	2.4	16	16	16	12.31	5.88	10.52	16	16	16	16	16	12.09	16	16	11.56	16	11.83	16	16	16	7.27	11.57	16	16	16	5.05	16	16	5.1	16	16	15.65	2.51	1.67	16	16	16	2.63	16	16	16	16	16	16	16	16	0.85	1.47	14.02	16	0.92	2.57	16	16	16	16	16	16	16	4.72	16	16	16	6.11	16	16	9.88	9.31	0.48	0.91	16	5.96	16	16	16	16	16	9.76	16	16	16	16	16	16	16	16	16	0.37	9.29	16	16	8.18	
IC12	2.38	0.27	0.31	10.51	0.2	3.22	8.55	0.83	0.17	9.95	12.31	16	16	0.17	0.08	6.11	13.79	1.08	10.56	12.44	1.57	15.35	3.98	1.69	0.31	2.75	12.5	2.51	0.52	2.16	8.57	7.89	2.36	5.74	0.43	12.05	16	11.4	0.75	0.34	8.16	6.85	11.11	11	6.84	2	7.79	16	16	0.96	5.01	6.41	8.27	14.24	3.3	6.04	8.1	4.25	5.03	15.65	16	2.23	4.41	3.81	7.65	7.15	2.04	0.3	7.89	13.73	3.39	0.91	2.65	14.51	6.69	0.11	1.41	7.21	15.18	13.26	6.31	16	5.46	4.46	1.17	5.8	6.38	0.11	2.4	16	4.89	16	1.69	9.82	1.21	5.38	8.7	3.42	4.26	3.36	
IC13	0.48	9.45	0.89	9.78	3.84	0.3	0.39	8.09	2.54	10.63	5.88	16	16	1.67	3.49	1.05	3.43	0.71	3.12	12.87	1.47	3.73	0.03	1.63	9.23	0.03	3.23	1.88	8.65	1.91	11.09	4.79	0.92	3.6	1.4	16	8	16	0.01	4.62	1.71	10.32	4.11	5.96	4.56	0.42	2.77	14.88	14.81	2.73	0.71	0.68	0.32	8.68	0.22	5.06	1.89	0.01	0.04	16	10.92	2.11	1.86	1.24	6.24	2.05	0.82	0.11	16	16	0.79	4.67	2.24	5.79	1.16	1.58	1.42	16	3.67	2.81	0.83	16	0.01	1.8	3.33	7.78	3.79	2.94	1.92	16	0.76	15.35	1.63	1.59	0.42	0.63	1.34	2.06	0.18	0.78	
IC14	1.96	15.65	16	1.21	16	12.44	6.98	6.4	16	3.02	10.52	0.17	1.67	16	16	11.01	2.3	16	9.72	0.14	14.95	5.89	4.63	16	15.35	16	0.27	12.88	3.39	4.27	5.08	9.89	16	2.64	16	6.09	2.97	2.97	16	16	0.21	1.41	10.23	7.43	5.7	14.54	15.18	1.59	0.55	9.05	7.29	12.3	9.04	1.06	6.57	16	0.49	8.87	5.09	3.85	0.34	5.31	11.29	5.57	0.16	9.93	16	9.54	1.42	3.25	16	14.7	8.28	0.11	7.53	11.31	0.01	12.01	3.27	2.63	13.83	0.7	7.98	16	15.65	2.89	15.65	16	13.43	2.74	10.05	0.05	16	0.38	9.65	4.96	1.07	16	16	0.1	
IC15	4.79	16	16	0.96	16	16	16	9.94	16	2.73	16	0.08	3.49	16	16	16	8.88	16	16	1.74	16	14.7	16	16	16	16	2.36	16	16	11.26	8.57	12.87	16	1.19	16	6.5	2.29	4.73	16	16	1.3	6.26	16	13	12.28	13.7	16	2.89	2.18	16	16	16	16	3.82	0.82	16	0.62	16	1.69	10.93	2.01	16	16	16	1.44	16	16	5.12	3	2.8	16	16	16	0.86	15.05	12.33	0.93	16	13.12	0.06	16	0.3	16	16	16	4.85	16	16	16	6.69	16	1.33	16	7.14	12.55	2.66	2.85	16	16	7.67	
IC16	7.3	14.54	16	0.26	16	16	16	7.54	16	9	16	6.11	1.05	11.01	16	16	16	16	16	2.43	16	16	13.64	16	16	16	6.47	16	6.7	15.05	16	16	16	2.37	16	12.05	3.94	13.91	16	16	1.48	0.98	16	16	14.81	2.66	16	16	11.08	16	16	16	16	15.05	0.7	3.44	3.78	16	0.98	0.46	10.01	16	16	16	6.99	16	16	8.13	6.46	12.81	16	8.87	16	8.9	10.53	9.87	0.24	4.55	16	1.26	16	6.31	16	16	13.27	5.49	16	16	16	14.45	16	5.71	16	10.63	16	1.17	2.74	16	16	6.23	
IC17	5.67	8.4	11.52	10.58	7.64	16	16	4.35	12.91	10.24	16	13.79	3.43	2.3	8.88	16	16	4.43	16	8.14	16	16	14.65	5.97	10.53	10.78	16	8.21	7.52	16	10.46	16	16	9.47	12.5	7.55	10.05	13.05	8.98	12.15	8.61	4.8	16	16	16	2.05	16	16	16	16	16	16	16	16	5.46	1.32	16	16	4.09	3.84	16	16	16	16	16	16	14.24	1.26	4.87	13.09	16	3.19	16	16	9.85	0.18	4.36	1.06	16	13.69	16	8.31	16	16	13.89	3.22	16	11.79	7.06	16	16	16	9.59	16	16	7.14	16	6.4	16	16	
IC18	4.32	15.05	16	0.3	16	16	13.54	3.74	16	7.93	16	1.08	0.71	16	16	16	4.43	16	16	6.3	16	13.33	7.93	16	13.26	16	0.68	16	6.67	2.27	16	16	16	1.92	16	16	1.28	10.86	16	15.05	0.53	2.86	16	16	16	16	16	7.28	6.58	16	12.96	16	16	3.44	5.03	16	0.13	16	7.31	2.32	1.91	11.15	16	9.11	0.45	16	16	6.12	9.77	14.02	16	16	10.47	0.46	12.15	16	3.85	5.18	7.32	1.1	16	6.21	16	16	14.75	16	16	16	16	14.75	16	2.6	16	3.65	9.14	5.78	0.32	16	16	0.3	
IC19	9.75	16	16	5.04	16	16	16	3.78	16	16	16	10.56	3.12	9.72	16	16	16	16	16	13.71	16	16	15.05	16	16	16	16	16	11.52	13.17	16	16	16	3.56	16	16	5.42	16	16	16	5.42	0.51	16	16	16	2.35	16	16	16	16	16	16	16	16	2.5	1.71	14.61	16	0.09	1.59	16	16	16	16	13.5	16	16	1.8	16	16	16	9.63	16	16	12.36	5.44	0.13	2.17	16	10.61	16	15.35	16	16	16	12.63	16	16	16	16	16	16	16	16	16	1.69	16	16	16	12.92	
IC20	1.23	2.72	2.56	10.65	2.6	14.61	16	6.19	0.02	6.93	12.09	12.44	12.87	0.14	1.74	2.43	8.14	6.3	13.71	16	3.81	13.59	9.94	4.46	0.99	12.66	8.01	12.33	1.58	2.07	9.56	1.95	4.82	1.81	2.31	16	7.47	6.46	4.51	1.35	16	0.6	7.87	3.63	7.36	0.82	5.27	10.1	16	4.56	12.79	6.23	14.81	3.39	9.75	0.03	1.78	9.09	6.99	5.51	8.48	6.22	16	4.98	0.92	9.28	8.34	3.3	10.69	6.67	7.11	2.17	5.39	6.23	11.08	1.11	0.4	3.91	16	12.64	13.47	16	13.81	11.64	7.12	16	7.07	2.37	3.31	16	6.72	16	6.73	16	0.73	4.18	16	13.62	13.44	6.54	
IC21	6.74	16	16	1.13	16	16	16	11.4	16	5.48	16	1.57	1.47	14.95	16	16	16	16	16	3.81	16	16	16	16	16	16	14.88	16	16	16	5.75	15.65	16	1.2	16	5.78	0.19	5.04	16	16	4.33	1.71	16	13.18	16	2.19	16	10.38	7.24	16	16	16	16	8.08	1.38	3.27	7.71	16	0.08	1.43	10.94	16	16	16	5.84	16	16	3.72	2.89	5.29	16	16	16	9.52	8.55	2.43	0.81	16	16	4.75	16	1.52	16	16	16	3.21	16	16	16	10.86	16	9.47	16	16	15.35	1.41	11.09	16	16	16	
IC22	8.02	13.24	16	9.1	14.42	16	16	5.05	15.65	12.56	16	15.35	3.73	5.89	14.7	16	16	13.33	16	13.59	16	16	16	13.55	12.92	16	16	16	10.11	16	12.73	16	16	5.01	16	15.05	7.15	15.35	16	13.85	10.49	1.77	16	16	16	0.19	16	16	16	16	16	16	16	16	3.75	0.15	16	16	2.32	2.99	16	16	16	16	11.73	16	16	1.05	7.18	16	16	8	16	16	11.46	0.82	3.65	2.07	16	14.88	16	12.53	16	16	16	9.06	16	16	13.96	16	16	16	16	16	16	6.32	16	16	16	16	
IC23	3.13	16	16	1.16	16	16	16	2.05	16	1.88	11.56	3.98	0.03	4.63	16	13.64	14.65	7.93	15.05	9.94	16	16	16	9.12	11.41	16	8.14	16	16	16	2.68	3.53	16	0.13	16	5.81	1.68	1.3	14.16	15.65	14.04	4.19	12.61	3.06	5.96	0.78	12.01	3.7	3.36	16	16	16	16	1.96	6.12	0.4	0.79	16	6.29	2.43	8.86	16	16	16	1.1	16	16	0.58	2.33	0.16	16	16	16	3.29	16	1.02	0.77	6.54	16	8.51	16	2.54	16	14.57	16	6.37	7.79	15.65	4.72	13.05	7.78	8.69	8.13	16	1.45	1.97	16	16	16	16	
IC24	4.69	10.72	16	0.73	16	16	12.54	3.44	16	9.78	16	1.69	1.63	16	16	16	5.97	16	16	4.46	16	13.55	9.12	16	13.71	16	0.72	16	7.05	3.08	16	16	16	1.17	16	16	1.54	16	16	16	0.01	2.03	16	16	16	16	16	7.26	6.43	16	10.2	16	14.54	7.45	6.28	16	0.38	16	9.77	2.31	2.22	9.57	16	8.78	1.83	16	16	9.84	13.32	16	16	16	10.39	0.62	12.9	16	5.22	3.61	7.02	1.71	16	8.35	14.51	16	11.27	12.89	16	16	16	15.65	16	1.96	16	2.55	11.82	9.29	0.04	16	16	0.07	
IC25	5.38	16	16	1.2	16	16	16	16	16	0.95	11.83	0.31	9.23	15.35	16	16	10.53	13.26	16	0.99	16	12.92	11.41	13.71	16	16	3.34	10.44	16	15.65	3.08	11.48	16	0.47	16	0.26	0.29	1.46	16	16	0.47	1.87	13.69	11.31	7.09	3.31	16	3.09	1.14	16	16	16	16	2.94	1	7.91	1.64	16	0.5	7.86	1.68	16	12.47	16	1.15	15.35	16	6.9	0.21	1.03	16	16	16	2.05	9.23	3.68	2.32	16	7.92	0.34	16	2.06	16	16	16	0.91	16	16	11.14	0.84	16	0.14	16	4.78	16	0.66	1.57	10.48	16	7.48	
IC26	7.29	16	16	0.1	16	16	16	3.43	16	6.38	16	2.75	0.03	16	16	16	10.78	16	16	12.66	16	16	16	16	16	16	4.23	16	16	9.41	13.71	11.03	16	1.36	16	16	0.44	7.04	16	16	5.81	5.51	16	13.95	16	15.65	16	6.74	11.25	16	16	16	16	4.42	0.08	10.69	0.78	16	0.25	2.93	3.35	16	16	16	0.28	16	16	2.69	8.4	5.59	16	16	16	2.22	16	14.54	0.19	8.05	16	1.83	16	5.41	16	16	16	16	16	16	16	16	16	6.24	16	14.18	6.77	0.85	5.74	16	16	7.03	
IC27	4.82	3.71	2.62	15.65	1.58	10.38	16	2.03	3.43	8.27	16	12.5	3.23	0.27	2.36	6.47	16	0.68	16	8.01	14.88	16	8.14	0.72	3.34	4.23	16	2.13	5.18	11.53	2.86	10.64	12.8	12.27	3.72	2.87	10.46	7.91	1.48	4.41	12.75	4.12	16	12.11	10.99	7.47	16	16	16	11.17	16	16	16	16	16	6.67	16	16	8.84	8.23	16	16	9.05	16	16	16	6.42	0.64	2.9	8.92	9.09	0.35	16	16	3.07	2.99	4.77	0.25	16	16	11.84	7.95	16	5.86	9	1.47	7.1	4.54	3.25	16	16	16	1.55	16	6.67	16	16	1.77	10.21	16	
IC28	3.47	10.82	16	0.17	16	16	16	1.47	16	6.49	16	2.51	1.88	12.88	16	16	8.21	16	16	12.33	16	16	16	16	10.44	16	2.13	16	15.35	4.9	16	10.78	16	0.95	16	16	0.29	13.68	16	12.42	2.51	6.25	16	14.95	16	16	16	6.22	9.66	16	16	16	16	6.57	0.1	8.04	0.04	16	2.16	4.07	4.03	16	16	14.35	2.23	16	16	2.62	16	9.41	16	16	15.18	0.99	12.2	16	8.06	2.1	15.05	0.8	16	8.53	16	16	10.04	16	16	16	16	16	16	5.72	16	10.59	3.8	3.21	4.44	16	16	3.56	
IC29	2.73	16	16	0.27	16	16	16	8.24	16	0.04	7.27	0.52	8.65	3.39	16	6.7	7.52	6.67	11.52	1.58	16	10.11	16	7.05	16	16	5.18	15.35	16	13.99	0.98	1.87	16	0.01	16	0.12	0.97	0.17	14.02	15.18	1.23	14.7	7.83	2.37	6.7	1.83	9.42	0.45	1.31	16	16	16	16	2.08	3.34	2.28	1.77	16	0.82	11.17	1.17	16	16	16	1.5	16	16	0.25	0.26	0.31	16	16	16	1.49	3.53	0.62	0.41	16	8.28	4.62	12.83	1	16	11.21	16	0.96	6.72	16	9.25	2.52	15.65	1.73	8.51	11.75	4.3	1.05	10.03	10.14	16	13.2	
IC30	4.16	12.89	10.1	0.9	11.11	13.13	16	6.16	16	2.33	11.57	2.16	1.91	4.27	11.26	15.05	16	2.27	13.17	2.07	16	16	16	3.08	15.65	9.41	11.53	4.9	13.99	16	2.09	9.27	16	5.5	11.74	0.76	4.08	0.14	6.59	16	3.05	0	11.58	4.69	3.84	2.47	13.18	6.26	2.45	16	16	14.95	16	5.08	6.8	0.55	6.73	16	4.15	0.02	9.43	16	8.79	16	3.83	12.97	13.81	2.98	0.1	0.19	16	6.81	16	10.3	5.21	0.3	5.02	10.57	15.05	9.29	14.42	0.32	16	7.49	16	0.06	8.04	12.74	2.12	4.06	10.9	5.56	3.71	14.4	13.77	3.86	9.49	3.16	16	16	
IC31	4.66	2.18	15.65	0.62	8.6	7.09	8.39	0.97	8.71	16	16	8.57	11.09	5.08	8.57	16	10.46	16	16	9.56	5.75	12.73	2.68	16	3.08	13.71	2.86	16	0.98	2.09	16	16	9.84	4.28	16	16	3.83	16	16	6.69	0.25	1.91	16	16	13.72	4.8	16	16	16	7.92	4.47	16	10.18	16	0.73	1.72	2.96	13.76	5.53	3.88	4.35	5.95	16	6.42	8.86	16	10.45	5.55	16	16	8.09	0.06	3.83	8.91	6.76	16	4.42	1.67	7.53	0.59	10.89	16	8.65	16	4.65	7.31	16	11.81	16	16	16	7.06	16	6.26	15.65	5.2	0.16	16	8.03	0.05	
IC32	6.44	4.68	16	1.75	10.94	9.25	10.21	3.48	16	16	16	7.89	4.79	9.89	12.87	16	16	16	16	1.95	15.65	16	3.53	16	11.48	11.03	10.64	10.78	1.87	9.27	16	16	16	8.85	16	15.35	3.33	16	16	11.53	0.04	7.92	16	16	16	0.68	16	16	16	14.12	6.48	16	16	16	0.73	0.92	14.12	16	4.55	4.43	16	12.31	16	16	16	16	14.81	11.9	10.58	16	15.65	0.91	12.63	16	6.59	8.98	0.11	1.15	12.91	1.42	14.45	14.54	16	16	7.18	1.28	16	16	16	16	16	9.84	16	9.13	16	0.94	1.26	12.54	13.76	2.54	
IC33	8.33	16	16	1.68	16	16	16	15.35	16	7.45	16	2.36	0.92	16	16	16	16	16	16	4.82	16	16	16	16	16	16	12.8	16	16	16	9.84	16	16	0.7	16	9.41	0.81	8.76	16	16	4.26	0.46	16	16	16	4.44	16	16	10.64	16	16	16	16	7.92	0.3	7.59	7.74	16	0.04	1.01	11.88	16	16	16	4.94	16	16	4.07	3.81	9.22	16	16	16	10.85	13.47	4.91	1.45	16	16	3.79	16	1.92	16	16	16	6.37	16	16	16	14.65	16	10.84	16	16	16	0.99	10.51	16	16	15.65	
IC34	1.33	0.45	0.66	7.44	2.2	0.03	1.06	0.73	0.1	7.89	5.05	5.74	3.6	2.64	1.19	2.37	9.47	1.92	3.56	1.81	1.2	5.01	0.13	1.17	0.47	1.36	12.27	0.95	0.01	5.5	4.28	8.85	0.7	16	0.3	0.59	11.71	4.53	1.11	0.22	0.55	16	5.75	6.58	1.19	13.58	3.56	16	8.57	0.67	0.23	2.72	2.99	16	8.53	9.89	16	3.19	0.84	11.89	15.18	2.19	0.27	4.52	16	3.45	0.44	1.2	0.64	5.88	0.08	5.17	2.61	16	0.42	1.62	1.09	1.57	4.15	7.36	0.01	4.3	1.85	0.11	0.15	3.64	1.86	0.29	0.55	3.92	4.51	12.05	0.36	8.33	7.91	6.09	5.27	1.86	0.17	5.26	
IC35	6.79	16	16	0.64	16	16	16	11.84	16	5.72	16	0.43	1.4	16	16	16	12.5	16	16	2.31	16	16	16	16	16	16	3.72	16	16	11.74	16	16	16	0.3	16	9.76	1.07	9.93	16	16	0.49	3.23	16	16	16	14.7	16	8.61	7.11	16	16	16	16	8.26	1.53	15.35	2.27	16	3.72	5.15	3.11	16	16	16	2.86	16	16	6.56	5.18	9.29	16	16	16	3.12	11.49	14.88	1.07	16	11.76	0.17	16	1.6	16	16	16	6.52	16	16	16	10.39	16	2.93	16	9.07	16	2.84	2.2	16	16	4.49	
IC36	2.53	1.96	13.05	3.44	6.3	11.25	9.52	1.26	2.57	16	16	12.05	16	6.09	6.5	12.05	7.55	16	16	16	5.78	15.05	5.81	16	0.26	16	2.87	16	0.12	0.76	16	15.35	9.41	0.59	9.76	16	2.39	16	16	2.31	4.04	0.88	16	15.65	14.65	9.83	16	16	16	4.75	5.6	12.67	10.86	7.65	0.84	3.48	1	10.1	1.69	4.1	9.33	3.45	16	3.98	3.06	15.05	14.95	2.67	16	16	10.95	4.25	3.27	4.35	12.95	13.97	2.66	2.27	10.77	0.66	16	16	10.27	16	3.94	16	16	7.92	16	16	11.66	14.27	16	5.8	2.87	1.09	1.8	16	16	0.35	
IC37	2.07	0.03	1.3	7.02	1.43	0.44	6.24	2.5	0.62	6.9	5.1	16	8	2.97	2.29	3.94	10.05	1.28	5.42	7.47	0.19	7.15	1.68	1.54	0.29	0.44	10.46	0.29	0.97	4.08	3.83	3.33	0.81	11.71	1.07	2.39	16	2.41	0.68	0.44	5.92	7.74	4.15	5.16	0.95	8.53	1.86	14.48	16	0.31	3.79	1.93	5.88	8.78	11.9	8.13	4.88	1.61	9.43	12.29	9.94	3.2	1.36	5.61	4.13	1.3	0.01	0.28	2.92	2.33	1.15	2.41	2.18	16	2.74	0.83	2.92	4.86	12.43	16	3.12	8.82	3.91	0.34	0.81	2.38	2.83	1.44	0.42	10.14	1.54	13.44	0.01	12.98	1.7	8.65	7.24	0.16	1.92	6.4	
IC38	3.8	0.16	9.66	4.28	3.27	5.39	5.56	0.15	4.66	16	16	11.4	16	2.97	4.73	13.91	13.05	10.86	16	6.46	5.04	15.35	1.3	16	1.46	7.04	7.91	13.68	0.17	0.14	16	16	8.76	4.53	9.93	16	2.41	16	12.14	1.65	0.46	6.94	16	16	16	1.65	16	16	16	5.74	2.72	16	8.27	16	0.4	0.09	7.3	14.42	3.89	7.38	13.36	4.07	15.18	5.38	16	16	6.29	3.87	16	16	4.82	0.12	3.37	14.75	4.65	9.4	2.43	2.78	10.34	1.13	8.21	16	7.26	16	1.09	7.12	16	6.61	16	16	16	14.61	16	8.16	12.17	1.04	2.15	12.26	4.8	1.07	
IC39	5.7	16	16	0.98	16	16	16	5.68	16	7.67	16	0.75	0.01	16	16	16	8.98	16	16	4.51	16	16	14.16	16	16	16	1.48	16	14.02	6.59	16	16	16	1.11	16	16	0.68	12.14	16	16	0.48	3.34	16	16	16	16	16	7.97	8.21	16	16	16	16	7.28	3.4	16	0.66	16	6.03	4.55	1.88	16	16	16	1.22	16	16	8.09	9.6	11.51	16	16	16	1.26	14.11	16	2.57	8.62	10.48	0.5	16	4.13	16	16	16	14.04	16	16	16	13.98	16	2.21	16	5.89	15.65	6.77	0.7	16	16	1.67	
IC40	6.46	16	16	0.21	16	16	16	6.13	16	2.7	15.65	0.34	4.62	16	16	16	12.15	15.05	16	1.35	16	13.85	15.65	16	16	16	4.41	12.42	15.18	16	6.69	11.53	16	0.22	16	2.31	0.44	1.65	16	16	3.83	1.27	16	11.93	4.01	3.23	16	3.86	3.58	16	16	16	16	4.82	0.26	8.56	3.14	16	0.5	3.46	1.78	16	16	16	0.85	16	16	4.22	0.4	0.85	16	10.72	16	3.49	16	3.97	2.03	16	15.65	1.12	16	0.09	16	16	16	1.59	16	16	12.12	4.99	16	1.86	16	8.67	15.05	0.35	2.85	16	16	9.87	
IC41	1.41	5.37	0.65	11.82	1.17	9.73	15.05	0.21	0.2	1.03	2.51	8.16	1.71	0.21	1.3	1.48	8.61	0.53	5.42	16	4.33	10.49	14.04	0.01	0.47	5.81	12.75	2.51	1.23	3.05	0.25	0.04	4.26	0.55	0.49	4.04	5.92	0.46	0.48	3.83	16	0.27	3.18	0.52	1.04	2.33	1.36	4.22	6.43	3.44	16	2.9	12.32	0.2	15.18	1.25	4.57	5.03	16	2.8	10.86	5.97	6.68	8.51	0.32	3.57	5.25	4.89	0.89	0.15	6.82	2.11	10.95	7.36	16	3.98	8.63	0.22	16	16	7.57	4.31	9.62	2.48	8.3	8.12	0.24	0.81	0.39	11.63	1.63	16	0.08	16	1.77	14.81	16	3.08	10.79	16	
IC42	0.08	4.44	3.23	7.15	8.87	3.9	1.29	0.08	2.43	6.04	1.67	6.85	10.32	1.41	6.26	0.98	4.8	2.86	0.51	0.6	1.71	1.77	4.19	2.03	1.87	5.51	4.12	6.25	14.7	0	1.91	7.92	0.46	16	3.23	0.88	7.74	6.94	3.34	1.27	0.27	16	1.9	6.36	0.12	10.37	1.64	13.48	3.85	3.1	2.3	0.05	0.11	7.15	0.03	6.66	12.16	0.55	0.08	16	10.15	1.6	2.98	0.27	12.16	0.01	3.58	3.57	0.24	8.83	0.82	10.94	0.63	15.35	0.23	2.28	6.77	3.6	0.72	0.67	1.53	3.78	0.6	0.88	2.08	2.72	0.61	3.34	1.03	1.02	0.23	4.57	1.87	0.45	7.11	2.96	0.04	5.38	1.44	0.36	
IC43	8.12	9.64	16	3.31	16	16	16	2.44	16	16	16	11.11	4.11	10.23	16	16	16	16	16	7.87	16	16	12.61	16	13.69	16	16	16	7.83	11.58	16	16	16	5.75	16	16	4.15	16	16	16	3.18	1.9	16	16	16	1.84	16	16	16	16	16	16	16	16	0.84	0.43	15.65	16	0.96	1.36	16	16	16	16	16	16	16	7.54	16	16	16	3.87	16	16	11.53	7.97	0.43	1.43	16	5.48	16	16	16	16	12.42	7.21	16	16	16	16	16	16	16	16	16	0.01	8.15	16	16	9.51	
IC44	6.71	4.33	16	1.93	12.01	9.91	12.67	2.28	15.35	16	16	11	5.96	7.43	13	16	16	16	16	3.63	13.18	16	3.06	16	11.31	13.95	12.11	14.95	2.37	4.69	16	16	16	6.58	16	15.65	5.16	16	16	11.93	0.52	6.36	16	16	16	1.33	16	16	16	14.54	9.29	16	16	16	0.12	0.84	13.32	16	2.67	3.54	14.29	14.15	16	16	16	16	15.18	6.96	16	16	14.29	0.72	12.25	16	8.67	10.18	0.57	0.31	15.18	2.73	16	16	16	16	6.54	4.59	16	16	16	16	16	11.97	16	14.07	16	0.99	2.59	16	11.33	2.93	
IC45	4.43	4.06	16	2.52	12.16	16	14.65	3.28	9.84	10.13	16	6.84	4.56	5.7	12.28	14.81	16	16	16	7.36	16	16	5.96	16	7.09	16	10.99	16	6.7	3.84	13.72	16	16	1.19	16	14.65	0.95	16	16	4.01	1.04	0.12	16	16	16	4.17	16	16	16	16	11.35	16	16	15.35	0.24	0.81	6.36	16	1.58	0.77	12.32	16	16	13.62	9.06	16	16	1.32	16	16	16	7.59	11.62	10.17	3.08	6.03	0.97	0.44	12.99	3.93	16	9.45	16	16	5.02	13.19	16	16	16	16	16	14.06	16	15.65	10.15	0.39	8.7	16	14.75	4.02	
IC46	0.21	3.38	16	6.47	15.65	4.99	0.67	0.79	5.62	0.36	2.63	2	0.42	14.54	13.7	2.66	2.05	16	2.35	0.82	2.19	0.19	0.78	16	3.31	15.65	7.47	16	1.83	2.47	4.8	0.68	4.44	13.58	14.7	9.83	8.53	1.65	16	3.23	2.33	10.37	1.84	1.33	4.17	16	3.04	1.18	0.14	2.8	1.02	3.29	0.41	0.95	16	16	8.3	2.08	16	10.44	5.51	0.46	8.37	0.23	5.43	2.45	11.73	2.58	4.57	1.68	4.64	12.13	0.06	10.88	2.78	16	12.05	1.84	0.58	13.51	6.1	0.5	0.94	16	1.55	10.73	7.48	11.35	14.75	1.34	1.77	3.4	16	2.31	0.31	16	5.44	16	4.89	5.66	
IC47	8.24	14.03	16	2.5	16	16	16	7.35	16	16	16	7.79	2.77	15.18	16	16	16	16	16	5.27	16	16	12.01	16	16	16	16	16	9.42	13.18	16	16	16	3.56	16	16	1.86	16	16	16	1.36	1.64	16	16	16	3.04	16	16	16	16	16	16	16	16	0.02	2.41	14.24	16	1.94	0.86	16	16	16	16	16	16	16	7.32	14.57	16	16	8.93	16	16	9.05	8.93	0.28	3.81	16	3.83	16	12.55	16	16	16	6.01	16	16	16	16	16	16	16	16	16	0.05	6.95	16	16	7.92	
IC48	5.94	1.71	7.95	12.54	3.03	9.97	14.42	1.07	4.79	16	16	16	14.88	1.59	2.89	16	16	7.28	16	10.1	10.38	16	3.7	7.26	3.09	6.74	16	6.22	0.45	6.26	16	16	16	16	8.61	16	14.48	16	7.97	3.86	4.22	13.48	16	16	16	1.18	16	16	16	9.26	8.28	16	16	16	2.01	0.99	16	16	0.26	15.65	16	12.17	13.91	16	16	16	8.76	2.25	12.48	16	12.62	0.56	11.11	16	5.66	1.39	0.64	1.11	16	9.56	16	16	16	16	4.55	4.08	16	7.02	11.56	16	16	16	11.78	16	16	3.89	11.4	6	12.47	7.63	
IC49	6.41	2.1	5.59	10.29	3.94	9.57	16	1.5	2.24	16	16	16	14.81	0.55	2.18	11.08	16	6.58	16	16	7.24	16	3.36	6.43	1.14	11.25	16	9.66	1.31	2.45	16	16	10.64	8.57	7.11	16	16	16	8.21	3.58	6.43	3.85	16	16	16	0.14	16	16	16	7.13	13.04	16	16	16	6.48	1.13	14.88	16	1.27	11.74	15.65	11.61	16	11.73	13.38	16	8.42	0.15	16	16	8.93	0.19	7.99	16	7.16	2.92	0.05	3.38	16	16	16	16	16	16	6.15	13.13	16	5.71	13.5	16	16	16	13.8	16	7.48	3	12.98	11.13	9.22	7.2	
IC50	6.43	16	16	0.86	16	16	16	10.98	16	3.63	16	0.96	2.73	9.05	16	16	16	16	16	4.56	16	16	16	16	16	16	11.17	16	16	16	7.92	14.12	16	0.67	16	4.75	0.31	5.74	16	16	3.44	3.1	16	14.54	16	2.8	16	9.26	7.13	16	16	16	16	6.57	2.31	4.92	4.42	16	0.65	4.14	8.09	16	16	16	5.12	16	16	1.22	2.78	3.58	16	16	16	8	10.95	2.93	0.05	16	16	5.45	16	0.8	16	16	16	4.29	16	16	16	11.2	16	8.18	16	16	16	1.17	14.48	16	16	16	
IC51	7.21	16	16	3.14	16	16	16	4.49	16	3.84	16	5.01	0.71	7.29	16	16	16	12.96	16	12.79	16	16	16	10.2	16	16	16	16	16	16	4.47	6.48	16	0.23	16	5.6	3.79	2.72	16	16	16	2.3	16	9.29	11.35	1.02	16	8.28	13.04	16	16	16	16	4.23	7.13	2.15	6.22	16	7.62	1.1	8.65	16	16	16	1.2	16	16	0.18	3.15	1.53	16	16	16	9.63	16	0.75	3.92	9.89	16	15.18	16	2.58	16	16	16	11.55	16	16	8.08	16	16	14.81	15.05	16	4.91	5.84	16	16	16	16	
IC52	10.14	16	16	1.82	16	16	16	7.23	16	13.29	16	6.41	0.68	12.3	16	16	16	16	16	6.23	16	16	16	16	16	16	16	16	16	14.95	16	16	16	2.72	16	12.67	1.93	16	16	16	2.9	0.05	16	16	16	3.29	16	16	16	16	16	16	16	16	1	2.36	12.66	16	0.36	0.13	15.35	16	16	16	14.26	16	16	3.12	14.54	16	16	10.06	16	16	12.05	7.14	0.26	5.22	16	6.63	16	8.49	16	16	16	7.82	16	16	16	16	16	15.05	16	16	16	0.18	11.33	16	16	11.73	
IC53	8.7	16	16	6.88	16	16	16	5.95	16	9.17	16	8.27	0.32	9.04	16	16	16	16	16	14.81	16	16	16	14.54	16	16	16	16	16	16	10.18	16	16	2.99	16	10.86	5.88	8.27	16	16	12.32	0.11	16	16	16	0.41	16	16	16	16	16	16	16	9.75	6.09	1.44	12.61	16	4.25	0.53	16	16	16	16	5.9	16	16	0.59	4.05	7.88	16	15.35	16	16	16	0.79	2.86	7.57	16	15.65	16	6.38	16	16	16	7.95	16	16	11.31	16	16	16	16	16	14.61	7.21	16	16	16	16	
IC54	5.47	0.38	6.26	3.34	2.82	3.24	6.74	0.01	7.23	16	16	14.24	8.68	1.06	3.82	15.05	16	3.44	16	3.39	8.08	16	1.96	7.45	2.94	4.42	16	6.57	2.08	5.08	16	16	7.92	16	8.26	7.65	8.78	16	7.28	4.82	0.2	7.15	16	16	15.35	0.95	16	16	16	6.57	4.23	16	9.75	16	2.47	3.76	16	16	1.14	7.24	16	8.71	12.89	10.04	16	16	4.59	3.45	16	16	4.01	2.04	7.25	16	2.88	3.51	1.14	1.79	11.43	7.68	5.75	16	7.92	10.49	1.63	1.01	16	6.42	16	16	16	15.65	10.88	15.18	16	0.28	4.84	6.14	2.94	3.37	
IC55	0.78	0.7	2.42	8.38	0.75	2.49	7.75	2.72	1.02	0.43	0.85	3.3	0.22	6.57	0.82	0.7	5.46	5.03	2.5	9.75	1.38	3.75	6.12	6.28	1	0.08	16	0.1	3.34	6.8	0.73	0.73	0.3	8.53	1.53	0.84	11.9	0.4	3.4	0.26	15.18	0.03	0.84	0.12	0.24	16	0.02	2.01	6.48	2.31	7.13	1	6.09	2.47	16	14.33	7.56	3.23	16	3.31	7.82	6.84	1.64	5.18	3.67	2.14	0.02	11.37	0.37	1.25	0.19	1.22	6.85	13.87	0.52	10.99	1.62	0.97	11.74	16	0.93	1.87	4.69	1.06	2.61	0.54	0.78	0.98	1.35	4.34	1.89	16	2.91	16	1.73	16	16	0.92	0.93	16	
IC56	0.07	12.03	16	5.31	16	7.8	1.61	3.28	7.12	0.15	1.47	6.04	5.06	16	16	3.44	1.32	16	1.71	0.03	3.27	0.15	0.4	16	7.91	10.69	6.67	8.04	2.28	0.55	1.72	0.92	7.59	9.89	15.35	3.48	8.13	0.09	16	8.56	1.25	6.66	0.43	0.84	0.81	16	2.41	0.99	1.13	4.92	2.15	2.36	1.44	3.76	14.33	16	6.49	2.05	8.85	11.57	6.95	1.7	4.6	0.53	7.09	0.96	12.59	4.11	0.17	0.1	8.62	16	1.23	9.08	2.69	15.65	2.66	11.63	0.23	15.35	5.25	1.86	2.27	10.46	6.95	3.18	6.2	15.65	5.21	0.17	1.88	4.96	16	2.1	2.47	14.42	5.45	13.18	8.05	1.95	
IC57	2.3	1.94	1.02	11.16	0.23	4.53	6.55	2.36	2.51	8.76	14.02	8.1	1.89	0.49	0.62	3.78	16	0.13	14.61	1.78	7.71	16	0.79	0.38	1.64	0.78	16	0.04	1.77	6.73	2.96	14.12	7.74	16	2.27	1	4.88	7.3	0.66	3.14	4.57	12.16	15.65	13.32	6.36	8.3	14.24	16	14.88	4.42	6.22	12.66	12.61	16	7.56	6.49	16	13.04	2.28	11.88	16	9.26	3.94	10.48	16	16	3.65	0.16	1.15	10.78	4.93	0.9	12.55	16	0.49	3.75	5.85	0.25	12.24	14.95	3.18	5.21	10.55	3.22	5.8	0.64	5.98	3.3	4.09	8.54	16	16	0.7	16	13.28	14.19	14.7	0.26	3.67	11.65	
IC58	7.69	16	16	3	16	16	16	8.28	16	10.22	16	4.25	0.01	8.87	16	16	16	16	16	9.09	16	16	16	16	16	16	16	16	16	16	13.76	16	16	3.19	16	10.1	1.61	14.42	16	16	5.03	0.55	16	16	16	2.08	16	16	16	16	16	16	16	16	3.23	2.05	13.04	16	0.37	0.28	16	16	16	16	12.72	16	16	1.19	7.84	12.48	16	15.65	16	16	9.77	3.1	0.01	8.37	16	8.87	16	4.94	16	16	16	5.93	16	16	16	16	16	16	16	16	16	2.03	16	16	16	16	
IC59	0.07	1.45	4.23	8.95	1.32	1.72	7.75	0.97	2.27	1.85	0.92	5.03	0.04	5.09	1.69	0.98	4.09	7.31	0.09	6.99	0.08	2.32	6.29	9.77	0.5	0.25	8.84	2.16	0.82	4.15	5.53	4.55	0.04	0.84	3.72	1.69	9.43	3.89	6.03	0.5	16	0.08	0.96	2.67	1.58	16	1.94	0.26	1.27	0.65	7.62	0.36	4.25	1.14	16	8.85	2.28	0.37	16	2.56	3.74	2.74	0.03	3.7	0.63	0.33	0.16	14.45	2.63	5.4	0.72	0.2	4.09	3.73	4.02	16	12.5	0.25	10.15	16	0.71	0.12	3.43	2.73	4	0.77	4.09	2.48	10.34	1.63	0.63	8.29	7.32	11.2	5.48	16	16	2.58	1.44	16	
IC60	0.58	5.91	5.74	15.18	9.96	1.51	0.05	3.9	7.84	8.25	2.57	15.65	16	3.85	10.93	0.46	3.84	2.32	1.59	5.51	1.43	2.99	2.43	2.31	7.86	2.93	8.23	4.07	11.17	0.02	3.88	4.43	1.01	11.89	5.15	4.1	12.29	7.38	4.55	3.46	2.8	16	1.36	3.54	0.77	10.44	0.86	15.65	11.74	4.14	1.1	0.13	0.53	7.24	3.31	11.57	11.88	0.28	2.56	16	11.73	1.67	0.47	0.38	8.03	0.43	2.56	0.53	2.03	11.67	0.98	11.98	1.01	16	0.04	3.39	4.18	15.05	2.05	6.57	0.21	16	0.21	0.42	0.95	0.03	0.66	4.24	1.06	7.97	0.88	16	1.32	3.03	1.05	7.83	2.35	2.59	0.49	0.26	
IC61	3.96	1.13	3.28	16	0.69	7.87	12.34	3.47	2.97	10.19	16	16	10.92	0.34	2.01	10.01	16	1.91	16	8.48	10.94	16	8.86	2.22	1.68	3.35	16	4.03	1.17	9.43	4.35	16	11.88	15.18	3.11	9.33	9.94	13.36	1.88	1.78	10.86	10.15	16	14.29	12.32	5.51	16	16	15.65	8.09	8.65	15.35	16	16	7.82	6.95	16	16	3.74	11.73	16	11.12	6.09	16	16	16	5.04	0.73	6.01	16	8.89	1.05	13.98	16	4.31	1.13	2.62	0.38	16	16	10.65	13.02	15.18	7.71	2.95	1.24	9.32	3.18	4.01	16	16	16	2.08	16	7.94	15.65	16	2.43	10.36	16	
IC62	8.03	16	16	2.07	16	16	16	9.25	16	4.58	16	2.23	2.11	5.31	16	16	16	11.15	16	6.22	16	16	16	9.57	16	16	16	16	16	16	5.95	12.31	16	2.19	16	3.45	3.2	4.07	16	16	5.97	1.6	16	14.15	16	0.46	16	12.17	11.61	16	16	16	16	8.71	6.84	1.7	9.26	16	2.74	1.67	11.12	16	16	16	5.88	16	16	0.45	2.94	3.27	16	16	16	15.18	8.88	0.87	1.26	14.51	16	13.09	16	0.99	16	16	16	4.96	16	16	12.77	12.73	16	13.55	16	16	15.35	5.15	16	15.18	16	16	
IC63	6.39	16	16	1.19	16	16	16	0.29	16	10.55	16	4.41	1.86	11.29	16	16	16	16	16	16	16	16	16	16	12.47	16	9.05	16	16	8.79	16	16	16	0.27	16	16	1.36	15.18	16	16	6.68	2.98	16	16	16	8.37	16	13.91	16	16	16	16	16	12.89	1.64	4.6	3.94	16	0.03	0.47	6.09	16	16	16	3.35	16	16	1.32	16	11.14	16	11.06	16	7.49	16	10.45	2.1	2.2	16	5.08	16	13.71	16	16	16	16	16	16	16	16	16	13.85	16	16	7.64	0.28	8.68	16	16	8.45	
IC64	7.47	16	16	3.17	16	16	16	9.77	16	5.4	16	3.81	1.24	5.57	16	16	16	9.11	16	4.98	16	16	16	8.78	16	16	16	14.35	16	16	6.42	16	16	4.52	16	3.98	5.61	5.38	16	16	8.51	0.27	16	16	13.62	0.23	16	16	11.73	16	16	16	16	10.04	5.18	0.53	10.48	16	3.7	0.38	16	16	16	16	8.95	16	16	3.17	2.13	3.68	16	13.28	16	16	14.19	0.67	4.42	15.35	16	10.88	16	1.09	16	16	16	3.1	16	16	8.58	12.83	16	14.7	13.35	16	16	4.9	16	10.77	16	16	
IC65	2.49	0.4	2.33	6.9	0.19	1.59	2.38	1.23	3.19	13.51	16	7.65	6.24	0.16	1.44	6.99	16	0.45	13.5	0.92	5.84	11.73	1.1	1.83	1.15	0.28	16	2.23	1.5	3.83	8.86	16	4.94	16	2.86	3.06	4.13	16	1.22	0.85	0.32	12.16	16	16	9.06	5.43	16	16	13.38	5.12	1.2	14.26	5.9	16	3.67	7.09	16	12.72	0.63	8.03	16	5.88	3.35	8.95	16	16	1.07	2.66	8.66	16	1.22	1.68	6.45	16	0.37	0.18	0.61	0.93	10.33	6.68	1.57	7.75	4.35	3.31	0.07	0.92	8.51	2.17	9.36	9.08	15.65	16	2.19	12.82	13.75	2.96	8.04	0.6	1.16	6.87	
IC66	9.15	14.48	16	3.89	16	16	16	5.32	16	15.65	16	7.15	2.05	9.93	16	16	16	16	16	9.28	16	16	16	16	15.35	16	16	16	16	12.97	16	16	16	3.45	16	15.05	1.3	16	16	16	3.57	0.01	16	16	16	2.45	16	16	16	16	16	16	16	16	2.14	0.96	16	16	0.33	0.43	16	16	16	16	16	16	16	1.69	15.18	16	16	8.94	16	16	7.33	4.73	0.57	2.91	16	8.83	16	12.32	16	16	16	7.3	16	16	16	16	16	16	16	16	16	1.37	15.65	16	16	12.45	
IC67	7.61	16	16	0.64	16	16	16	7.63	16	6.26	16	2.04	0.82	16	16	16	14.24	16	16	8.34	16	16	16	16	16	16	6.42	16	16	13.81	10.45	14.81	16	0.44	16	14.95	0.01	6.29	16	16	5.25	3.58	16	15.18	16	11.73	16	8.76	8.42	16	16	16	16	4.59	0.02	12.59	3.65	16	0.16	2.56	5.04	16	16	16	1.07	16	16	2.16	3.64	6.02	16	16	16	4.15	16	8.35	0.47	13.98	16	2	16	3.25	16	16	16	13.27	16	16	16	16	16	7.15	16	15.65	11.76	0	7.14	16	16	9.55	
IC68	0.78	1.49	8.33	2.21	3.44	0.28	0.15	2.67	6.13	3.34	4.72	0.3	0.11	9.54	5.12	8.13	1.26	6.12	1.8	3.3	3.72	1.05	0.58	9.84	6.9	2.69	0.64	2.62	0.25	2.98	5.55	11.9	4.07	1.2	6.56	2.67	0.28	3.87	8.09	4.22	4.89	3.57	7.54	6.96	1.32	2.58	7.32	2.25	0.15	1.22	0.18	3.12	0.59	3.45	11.37	4.11	0.16	1.19	14.45	0.53	0.73	0.45	1.32	3.17	2.66	1.69	2.16	16	1.39	2.7	3.32	1.51	0.99	0.62	1.1	11.86	0.01	6.19	0.21	8.3	1.43	0.14	0.42	5.11	0.27	0.92	6.82	5.68	3.35	0.02	1.3	1.64	6.32	2.02	16	8.93	6.65	2.8	2.13	0.43	
IC69	2.66	0.28	5.8	1.8	2.66	3.4	4.39	1.89	1.75	13.03	16	7.89	16	1.42	3	6.46	4.87	9.77	16	10.69	2.89	7.18	2.33	13.32	0.21	8.4	2.9	16	0.26	0.1	16	10.58	3.81	0.64	5.18	16	2.92	16	9.6	0.4	0.89	0.24	16	16	16	4.57	14.57	12.48	16	2.78	3.15	14.54	4.05	16	0.37	0.17	1.15	7.84	2.63	2.03	6.01	2.94	16	2.13	8.66	15.18	3.64	1.39	16	16	1.66	0.18	1.14	4.71	3.23	12.29	8.72	6.48	7.74	2.74	8.05	16	3.78	15.35	0.1	16	15.65	2.79	16	16	9.5	8.6	16	7.93	1.33	1.61	3.4	16	1.84	0.52	
IC70	3.64	0.15	9.05	5.95	2.52	4.9	3.99	0.57	4.07	16	16	13.73	16	3.25	2.8	12.81	13.09	14.02	16	6.67	5.29	16	0.16	16	1.03	5.59	8.92	9.41	0.31	0.19	16	16	9.22	5.88	9.29	16	2.33	16	11.51	0.85	0.15	8.83	16	16	16	1.68	16	16	16	3.58	1.53	16	7.88	16	1.25	0.1	10.78	12.48	5.4	11.67	16	3.27	11.14	3.68	16	16	6.02	2.7	16	16	5.17	0.04	2.22	16	2.49	7.68	1.95	3.91	7.59	1.63	9.93	16	7.88	16	0.71	6.21	16	6.54	16	16	16	16	16	6.39	14.65	0.17	1.94	10.43	4.83	0.04	
IC71	7.19	16	16	2.03	16	16	16	11.62	16	5.32	16	3.39	0.79	16	16	16	16	16	16	7.11	16	16	16	16	16	16	9.09	16	16	16	8.09	15.65	16	0.08	16	10.95	1.15	4.82	16	16	6.82	0.82	16	14.29	16	4.64	16	12.62	8.93	16	16	16	16	4.01	0.19	8.62	4.93	16	0.72	0.98	8.89	16	16	16	1.22	16	16	3.32	1.66	5.17	16	16	16	7.44	16	4.2	4.15	16	16	3.27	16	2.1	16	16	16	9.92	16	16	11.64	14.88	16	9.78	16	16	16	1.26	9.44	16	16	14.33	
IC72	1.89	16	16	0.19	16	16	16	14.42	16	0.14	6.11	0.91	4.67	14.7	16	8.87	3.19	16	9.63	2.17	16	8	16	16	16	16	0.35	16	16	6.81	0.06	0.91	16	5.17	16	4.25	2.41	0.12	16	10.72	2.11	10.94	3.87	0.72	7.59	12.13	8.93	0.56	0.19	16	16	10.06	15.35	2.04	1.22	16	0.9	15.65	0.2	11.98	1.05	16	11.06	13.28	1.68	8.94	16	1.51	0.18	0.04	16	16	16	0.85	4.65	4.81	0.11	16	7.28	0.34	16	1.6	16	16	16	8.32	8.62	16	4.84	1.57	8.27	0.65	14.51	3.57	2.16	0.05	3.99	16	16	5.89	
IC73	6.83	16	16	2.89	16	16	16	9.79	16	4.79	16	2.65	2.24	8.28	16	16	16	10.47	16	5.39	16	16	16	10.39	16	16	16	15.18	16	16	3.83	12.63	16	2.61	16	3.27	2.18	3.37	16	16	10.95	0.63	16	12.25	11.62	0.06	16	11.11	7.99	16	16	16	16	7.25	6.85	1.23	12.55	16	4.09	1.01	13.98	16	16	16	6.45	16	16	0.99	1.14	2.22	16	16	16	16	14.21	0.26	3.73	16	16	11.9	16	0.82	16	16	16	2.47	16	16	9.75	11.64	16	14.7	12.2	16	13.89	5.96	16	14.11	16	16	
IC74	4.89	2.16	1.96	16	0.59	5.94	12.13	1.16	2.14	13.93	16	14.51	5.79	0.11	0.86	8.9	16	0.46	16	6.23	9.52	16	3.29	0.62	2.05	2.22	16	0.99	1.49	10.3	8.91	16	10.85	16	3.12	4.35	16	14.75	1.26	3.49	7.36	15.35	16	16	10.17	10.88	16	16	16	8	9.63	16	16	16	13.87	9.08	16	16	3.73	16	16	15.18	7.49	16	16	16	4.15	0.62	4.71	16	7.44	0.85	16	16	2.63	1.83	4.05	0.25	16	16	7.92	11.27	16	5.74	5.96	0.33	11.66	3.52	4.33	16	16	16	2.12	16	16	16	16	0.72	6.95	16	
IC75	2.79	14.18	13.79	1.09	15.05	13.75	16	0.06	8.01	4.4	9.88	6.69	1.16	7.53	15.05	10.53	9.85	12.15	12.36	11.08	8.55	11.46	16	12.9	9.23	16	3.07	12.2	3.53	5.21	6.76	6.59	13.47	0.42	11.49	12.95	2.74	4.65	14.11	16	16	0.23	11.53	8.67	3.08	2.78	9.05	5.66	7.16	10.95	16	12.05	16	2.88	0.52	2.69	0.49	9.77	4.02	0.04	4.31	8.88	16	14.19	0.37	7.33	16	1.1	3.23	2.49	16	4.65	14.21	2.63	16	4.1	2.73	3	16	2.37	16	5.92	14.81	16	16	11.71	8.57	9.73	5.18	15.35	4.33	5.58	9.86	7.02	1.96	0.1	3.49	16	16	9.65	
IC76	1	1.81	16	4.56	14.42	2.56	1.11	0.27	8.42	5.96	9.31	0.11	1.58	11.31	12.33	9.87	0.18	16	5.44	1.11	2.43	0.82	1.02	16	3.68	14.54	2.99	16	0.62	0.3	16	8.98	4.91	1.62	14.88	13.97	0.83	9.4	16	3.97	3.98	2.28	7.97	10.18	6.03	16	8.93	1.39	2.92	2.93	0.75	7.14	0.79	3.51	10.99	15.65	3.75	3.1	16	3.39	1.13	0.87	10.45	0.67	0.18	4.73	8.35	11.86	12.29	7.68	4.2	4.81	0.26	1.83	4.1	16	10.66	0.2	0.42	8.05	6.46	4.31	1.1	16	0.68	11	16	10.05	16	4.1	3.18	1.21	16	0.55	3.65	16	4.7	16	3.91	2.82	
IC77	0.68	4.05	1.42	5.25	0.74	0.32	2.37	3.69	0.13	0.28	0.48	1.41	1.42	0.01	0.93	0.24	4.36	3.85	0.13	0.4	0.81	3.65	0.77	5.22	2.32	0.19	4.77	8.06	0.41	5.02	4.42	0.11	1.45	1.09	1.07	2.66	2.92	2.43	2.57	2.03	8.63	6.77	0.43	0.57	0.97	12.05	0.28	0.64	0.05	0.05	3.92	0.26	2.86	1.14	1.62	2.66	5.85	0.01	12.5	4.18	2.62	1.26	2.1	4.42	0.61	0.57	0.47	0.01	8.72	1.95	4.15	0.11	3.73	4.05	2.73	10.66	16	4.38	2.46	3.34	0.86	1.81	2.65	0.86	5.19	0.74	1.95	0.14	9.84	0.78	0.49	1.32	5.44	1.37	1.15	12.65	2.74	4.98	2.43	8.46	
IC78	1	16	15.35	2.84	16	9.49	5.02	16	16	1.34	0.91	7.21	16	12.01	16	4.55	1.06	5.18	2.17	3.91	16	2.07	6.54	3.61	16	8.05	0.25	2.1	16	10.57	1.67	1.15	16	1.57	16	2.27	4.86	2.78	8.62	16	0.22	3.6	1.43	0.31	0.44	1.84	3.81	1.11	3.38	16	9.89	5.22	7.57	1.79	0.97	11.63	0.25	8.37	0.25	15.05	0.38	14.51	2.2	15.35	0.93	2.91	13.98	6.19	6.48	3.91	16	16	16	0.25	3	0.2	4.38	16	0.97	1.09	5.56	15.65	9	4.74	16	1.46	1.81	16	1.05	3.56	3.85	2.5	2.66	0.8	10.03	0.12	0.28	2.1	12.91	6.85	
IC79	5.79	15.18	11.42	12.68	9.8	16	16	1.63	10.28	9.49	16	15.18	3.67	3.27	13.12	16	16	7.32	16	16	16	16	16	7.02	7.92	16	16	15.05	8.28	15.05	7.53	12.91	16	4.15	11.76	10.77	12.43	10.34	10.48	15.65	16	0.72	16	15.18	12.99	0.58	16	16	16	16	16	16	16	11.43	11.74	0.23	12.24	16	10.15	2.05	16	16	16	16	10.33	16	16	0.21	7.74	7.59	16	7.28	16	16	16	0.42	2.46	0.97	16	16	16	10.89	16	16	16	10.38	16	11.58	5.86	16	16	16	10.45	16	4.99	10.56	16	14.24	16	16	
IC80	3.2	1.67	0.16	12.58	0.1	6.41	15.65	0.12	0.33	2.58	5.96	13.26	2.81	2.63	0.06	1.26	13.69	1.1	10.61	12.64	4.75	14.88	8.51	1.71	0.34	1.83	16	0.8	4.62	9.29	0.59	1.42	3.79	7.36	0.17	0.66	16	1.13	0.5	1.12	16	0.67	5.48	2.73	3.93	13.51	3.83	9.56	16	5.45	15.18	6.63	15.65	7.68	16	15.35	14.95	8.87	16	6.57	16	13.09	5.08	10.88	6.68	8.83	2	8.3	2.74	1.63	3.27	0.34	11.9	16	2.37	8.05	3.34	1.09	16	16	6.93	7.5	14.21	1.14	5.49	2.84	1.39	0.31	0.27	13.51	8.71	16	0.22	16	0.12	16	16	0.4	4.67	16	
IC81	8.36	16	16	2.56	16	16	16	5.85	16	7.88	16	6.31	0.83	13.83	16	16	16	16	16	13.47	16	16	16	16	16	16	11.84	16	12.83	14.42	10.89	14.45	16	0.01	16	16	3.12	8.21	16	16	7.57	1.53	16	16	16	6.1	16	16	16	16	16	16	16	5.75	0.93	5.25	3.18	16	0.71	0.21	10.65	16	16	16	1.57	16	16	1.43	8.05	9.93	16	16	16	7.92	16	6.46	0.86	5.56	16	6.93	16	7.2	16	16	16	16	16	16	15.65	16	16	14.45	16	16	9	1.47	12.5	16	16	10.91	
IC82	2.45	0.69	1.71	7.73	0.33	3.64	6.36	6.58	0.44	16	16	16	16	0.7	0.3	6.31	8.31	6.21	15.35	16	1.52	12.53	2.54	8.35	2.06	5.41	7.95	8.53	1	0.32	16	14.54	1.92	4.3	1.6	16	8.82	16	4.13	0.09	4.31	3.78	16	16	9.45	0.5	12.55	16	16	0.8	2.58	8.49	6.38	16	1.87	1.86	5.21	4.94	0.12	16	13.02	0.99	13.71	1.09	7.75	12.32	3.25	0.14	16	16	2.1	1.6	0.82	11.27	5.92	4.31	1.81	15.65	10.89	7.5	7.2	16	4.39	10.67	0.97	13.95	14.88	0.88	10.38	16	9.28	16	9.27	8.81	0.89	0.26	3.81	12.06	4.06	0.28	
IC83	8.43	16	16	4.85	16	16	16	6.58	16	7.54	16	5.46	0.01	7.98	16	16	16	16	16	13.81	16	16	16	14.51	16	16	16	16	16	16	8.65	16	16	1.85	16	10.27	3.91	7.26	16	16	9.62	0.6	16	16	16	0.94	16	16	16	16	16	16	16	7.92	4.69	2.27	10.55	16	3.43	0.21	15.18	16	16	16	4.35	16	16	0.42	3.78	7.88	16	16	16	16	14.81	1.1	2.65	9	16	14.21	16	4.39	16	16	16	9.04	16	16	11.99	16	16	16	16	16	14.45	6.2	16	16	16	16	
IC84	7.33	16	16	0.85	16	16	16	5.02	16	13.56	16	4.46	1.8	16	16	16	16	16	16	11.64	16	16	14.57	16	16	16	5.86	16	11.21	7.49	16	16	16	0.11	16	16	0.34	16	16	16	2.48	0.88	16	16	16	16	16	16	16	16	16	16	16	10.49	1.06	10.46	3.22	16	2.73	0.42	7.71	16	16	16	3.31	16	16	5.11	15.35	16	16	16	16	5.74	16	16	0.86	4.74	16	1.14	16	10.67	16	16	16	16	16	16	16	16	16	10	16	14.03	15.65	1.36	4.42	16	16	3.94	
IC85	5.09	16	16	1.29	16	16	16	4.01	16	3.01	16	1.17	3.33	15.65	16	13.27	13.89	14.75	16	7.12	16	16	16	11.27	16	16	9	10.04	16	16	4.65	7.18	16	0.15	16	3.94	0.81	1.09	16	16	8.3	2.08	12.42	6.54	5.02	1.55	16	4.55	6.15	16	16	16	16	1.63	2.61	6.95	5.8	16	4	0.95	2.95	16	16	16	0.07	16	16	0.27	0.1	0.71	16	16	16	5.96	16	0.68	5.19	16	16	5.49	16	0.97	16	16	16	3.74	14.95	16	5.4	9.88	16	7.01	15.18	16	8.56	2.96	9.3	16	16	16	
IC86	1.38	3.45	8.05	1.99	8.6	11.46	13.69	1.08	1.38	3.55	9.76	5.8	7.78	2.89	4.85	5.49	3.22	16	12.63	16	3.21	9.06	6.37	12.89	0.91	16	1.47	16	0.96	0.06	7.31	1.28	6.37	3.64	6.52	16	2.38	7.12	14.04	1.59	8.12	2.72	7.21	4.59	13.19	10.73	6.01	4.08	13.13	4.29	11.55	7.82	7.95	1.01	0.54	3.18	0.64	5.93	0.77	0.03	1.24	4.96	16	3.1	0.92	7.3	13.27	0.92	16	6.21	9.92	8.32	2.47	0.33	11.71	11	0.74	1.46	10.38	2.84	16	13.95	9.04	16	3.74	16	10.59	4.67	7.13	16	4.57	6.56	14.81	8.12	0.97	0.3	5.37	16	11.4	1.43	
IC87	8.31	12.28	16	0.87	16	16	16	3.48	16	16	16	6.38	3.79	15.65	16	16	16	16	16	7.07	16	16	7.79	16	16	16	7.1	16	6.72	8.04	16	16	16	1.86	16	16	2.83	16	16	16	0.24	0.61	16	16	16	7.48	16	16	16	16	16	16	16	16	0.78	6.2	5.98	16	4.09	0.66	9.32	16	16	16	8.51	16	16	6.82	15.65	16	16	8.62	16	11.66	8.57	16	1.95	1.81	16	1.39	16	14.88	16	16	14.95	10.59	16	16	16	16	16	9.99	16	13.48	16	1.81	2.26	16	16	2.14	
IC88	6.35	16	16	0.26	16	16	16	13.08	16	5.16	16	0.11	2.94	16	16	16	11.79	16	16	2.37	16	16	15.65	16	16	16	4.54	16	16	12.74	11.81	16	16	0.29	16	7.92	1.44	6.61	16	16	0.81	3.34	16	16	16	11.35	16	7.02	5.71	16	16	16	16	6.42	0.98	15.65	3.3	16	2.48	4.24	3.18	16	16	16	2.17	16	16	5.68	2.79	6.54	16	16	16	3.52	9.73	10.05	0.14	16	11.58	0.31	16	0.88	16	16	16	4.67	16	16	16	8.61	16	3.25	16	10.19	16	1.06	3.3	16	16	5.45	
IC89	5.07	5.14	16	0.7	16	14.7	8.62	2.12	16	12.53	16	2.4	1.92	13.43	16	16	7.06	16	16	3.31	16	13.96	4.72	16	11.14	16	3.25	16	9.25	2.12	16	16	16	0.55	16	16	0.42	16	16	12.12	0.39	1.03	16	16	16	14.75	16	11.56	13.5	16	8.08	16	11.31	16	1.35	5.21	4.09	16	10.34	1.06	4.01	12.77	16	8.58	9.36	16	16	3.35	16	16	11.64	4.84	9.75	4.33	5.18	16	9.84	1.05	5.86	0.27	15.65	10.38	11.99	16	5.4	7.13	16	16	16	16	16	3.99	16	6.48	14.54	6.08	0.97	16	10.29	0.28	
IC90	4.69	3.53	10.02	10.63	6.32	16	16	1.45	4.62	16	16	16	16	2.74	6.69	14.45	16	14.75	16	16	10.86	16	13.05	15.65	0.84	16	16	16	2.52	4.06	16	16	14.65	3.92	10.39	16	10.14	16	13.98	4.99	11.63	1.02	16	16	16	1.34	16	16	16	11.2	16	16	16	16	4.34	0.17	8.54	16	1.63	7.97	16	12.73	16	12.83	9.08	16	16	0.02	16	16	14.88	1.57	11.64	16	15.35	4.1	0.78	3.56	16	13.51	16	16	16	16	9.88	16	16	8.61	16	16	16	16	16	16	3.55	2.08	15.65	16	16	7.32	
