VAL	IC1	IC2	IC3	IC4	IC5	IC6	IC7	IC8	IC9	IC10	IC11	IC12	IC13	IC14	IC15	IC16	IC17	IC18	IC19	IC20	IC21	IC22	IC23	IC24	IC25	IC26	IC27	IC28	IC29	IC30	IC31	IC32	IC33	IC34	IC35	IC36	IC37	IC38	IC39	IC40	IC41	IC42	IC43	IC44	IC45	IC46	IC47	IC48	IC49	IC50	
IC1	16	9.61	2.23	7.83	0.47	3.81	0	3.4	2.02	7.15	1.02	5.77	10.13	5.69	4.43	7.96	0.07	6.45	5.78	13.14	13.36	0.42	10.57	3.69	10.49	8.82	9.31	1.75	13.38	0.8	6.11	1.96	5.89	0.63	3.83	1.08	11.83	11.35	8.43	3.39	0.57	5.64	4.45	1.92	1.58	6.8	1.6	5.12	8.61	5.8	
IC2	9.61	16	16	16	5.48	4.17	0.39	2.38	1.17	14.88	0.95	16	16	4.78	5.78	16	6.6	16	16	16	16	0.3	16	16	16	16	16	3.66	16	0.07	16	12.39	16	5.32	1.92	0.38	16	16	16	0.74	4.61	16	16	0.05	16	16	16	16	16	7.54	
IC3	2.23	16	16	7.94	4.37	0.89	0.2	2.65	1.74	0.63	8.79	16	10.36	0.17	0.83	0.84	11.5	2.45	16	10.95	7.64	0.16	4.06	14.05	16	16	16	0.03	13.76	0.31	16	8.62	16	16	1.9	9.16	5.92	16	1.78	1.93	11.53	13.75	3.13	6.26	9.41	16	16	11.98	2.46	0.73	
IC4	7.83	16	7.94	16	2.67	11.17	2.53	6.44	3.14	12.21	1.6	16	16	10.02	10.97	16	0.98	16	16	16	16	0.1	16	11.15	16	16	16	2.43	16	0.31	16	1.03	16	0.95	6.41	1.05	16	16	16	2.66	0.52	16	13.12	2.39	13.08	16	5.74	16	16	4.89	
IC5	0.47	5.48	4.37	2.67	16	1.12	0.33	2.22	0.07	0.88	5.7	7.43	1.64	0.68	0.51	0.23	4.97	2.24	2.95	1.16	1.22	1.6	0.65	1.83	5.45	6.21	5.92	0.3	3.52	0.19	5.3	1.86	7.68	6.15	1.42	5.62	2.61	5.12	0.47	2.01	5.48	5.4	0.3	3.79	3.74	7.3	7.5	5.3	1.39	0.44	
IC6	3.81	4.17	0.89	11.17	1.12	16	1.33	16	9.76	12.24	16	0.22	8.52	16	16	16	8.9	8.81	3.84	9.82	13.02	1.42	16	0.24	4.05	3.17	2.74	8.61	8.71	2.08	2.32	0.68	0.82	13.91	16	16	16	4.53	16	16	11.88	4.71	1.07	16	0.24	0.74	1.95	1.39	16	2.91	
IC7	0	0.39	0.2	2.53	0.33	1.33	16	1.32	0.27	0.58	1.38	0.25	0.2	0.8	1.7	1.47	0.23	0.78	0.12	1.27	0.68	0.67	0.59	0.34	0.22	0.23	0.24	0.13	0.85	0.85	0.44	0.71	0.05	0.82	1.02	1.07	0.36	0.37	0.76	0.69	0.35	0.56	2.47	0.93	0.5	0.05	1.1	0.58	0.78	0.65	
IC8	3.4	2.38	2.65	6.44	2.22	16	1.32	16	16	16	16	0.99	8.52	16	16	16	14.31	14.19	2.81	8.87	15.05	2.88	16	1.73	2.54	1.78	1.28	16	7.12	1.54	0.51	1.33	0.06	16	16	16	16	3.05	16	16	16	1.18	1.69	16	1.64	0.02	7.27	0.06	16	6.68	
IC9	2.02	1.17	1.74	3.14	0.07	9.76	0.27	16	16	16	13.97	0.69	7.47	14.75	16	12.12	6.43	12.45	0.1	2.15	6.41	0.12	9.64	0.38	1.1	0.39	0.3	11.46	3.57	0.45	0.12	0.68	0.89	13.83	16	12.63	9.41	1.43	13.22	16	14.4	0.34	2.06	16	1.83	0.26	3.3	0.03	10.59	6.43	
IC10	7.15	14.88	0.63	12.21	0.88	12.24	0.58	16	16	16	9.84	2.38	16	16	16	16	2.15	16	7.1	16	16	1.45	16	5.44	14.54	11.47	11.55	16	16	0.4	6.63	3.59	5.46	3.55	16	12.72	16	16	16	16	6.46	6.96	9.24	15.35	1.56	6.73	0	5.45	16	11.78	
IC11	1.02	0.95	8.79	1.6	5.7	16	1.38	16	13.97	9.84	16	7.47	1.84	16	16	16	16	4.3	0.6	1.65	3.19	3.27	9.06	0.87	0.91	1.25	2.17	15.35	0.58	0.61	2.31	7.5	4.5	16	16	16	4.39	0.64	15.65	16	16	1.64	0.23	16	6.3	4.97	16	1.96	8.63	3.52	
IC12	5.77	16	16	16	7.43	0.22	0.25	0.99	0.69	2.38	7.47	16	16	0.05	0.07	3.88	14.45	11.69	16	16	16	0.75	9.08	16	16	16	16	0.03	16	0.21	16	8.85	16	16	0.95	7.36	16	16	6.13	1.93	13.92	16	12.12	4.92	16	16	16	16	9.77	3.67	
IC13	10.13	16	10.36	16	1.64	8.52	0.2	8.52	7.47	16	1.84	16	16	15.35	14.16	16	0.88	16	16	16	16	1.75	16	12.47	16	16	16	6.86	16	0.72	16	8.79	16	0.21	9.04	2.41	16	16	16	8.01	0.34	16	14.88	3.66	4.06	16	8.03	14.19	16	9.56	
IC14	5.69	4.78	0.17	10.02	0.68	16	0.8	16	14.75	16	16	0.05	15.35	16	16	16	7.99	16	5.31	13.81	16	4.32	16	3.41	5.41	3.97	3.46	16	12.45	1.5	2.28	0.22	1.07	12.71	16	16	16	6.27	16	16	16	2.3	3	16	0.62	1.16	2.5	1.48	16	7.78	
IC15	4.43	5.78	0.83	10.97	0.51	16	1.7	16	16	16	16	0.07	14.16	16	16	16	6.25	16	4.83	12.36	16	1.11	16	5	5.62	4.8	3.8	16	11.47	1.53	1.6	0.26	1.49	12.17	16	16	16	6.2	16	16	15.05	3.96	4.31	16	0.12	1.26	3.12	1.58	16	7.19	
IC16	7.96	16	0.84	16	0.23	16	1.47	16	12.12	16	16	3.88	16	16	16	16	1.94	16	14.57	16	16	0.94	16	8.77	16	15.35	14.06	16	16	0.25	10.64	1.75	7.36	6.08	16	16	16	16	16	16	8.59	9.9	8.37	16	0.66	8.06	0.1	5.64	16	11.77	
IC17	0.07	6.6	11.5	0.98	4.97	8.9	0.23	14.31	6.43	2.15	16	14.45	0.88	7.99	6.25	1.94	16	0.32	3.38	2.45	1.24	4.66	0.27	6.77	6.49	7.13	8.87	2.65	3.54	3.86	10.57	5.95	8.93	16	13.3	16	0.25	6.53	1.27	8.92	16	4.95	6.71	16	5.67	12.33	16	5.07	1.01	0.43	
IC18	6.45	16	2.45	16	2.24	8.81	0.78	14.19	12.45	16	4.3	11.69	16	16	16	16	0.32	16	14.95	16	16	0	16	11.39	16	16	16	16	16	1.24	16	2.97	11.36	0.88	16	4.14	16	16	16	11.1	2.33	11.76	16	5.54	1.26	16	2.52	9.69	16	16	
IC19	5.78	16	16	16	2.95	3.84	0.12	2.81	0.1	7.1	0.6	16	16	5.31	4.83	14.57	3.38	14.95	16	16	16	0.11	16	16	16	16	16	3.14	16	4.32	16	11.23	16	6.36	2.27	0.01	16	16	16	0.56	3.21	16	5.79	0.43	8.97	16	16	13.96	16	1.84	
IC20	13.14	16	10.95	16	1.16	9.82	1.27	8.87	2.15	16	1.65	16	16	13.81	12.36	16	2.45	16	16	16	16	0.42	16	16	16	16	16	7.94	16	1.3	16	10.11	16	0.2	8.55	1.41	16	16	16	7.15	0.1	16	16	3.07	6.96	16	9.61	16	16	16	
IC21	13.36	16	7.64	16	1.22	13.02	0.68	15.05	6.41	16	3.19	16	16	16	16	16	1.24	16	16	16	16	0.3	16	16	16	16	16	11.94	16	1.37	16	11.69	16	0.53	14.22	4.1	16	16	16	11.72	1.33	16	16	5.97	4.2	16	6.86	12.35	16	16	
IC22	0.42	0.3	0.16	0.1	1.6	1.42	0.67	2.88	0.12	1.45	3.27	0.75	1.75	4.32	1.11	0.94	4.66	0	0.11	0.42	0.3	16	0.58	1.12	0.26	0.32	0.51	0.1	0.04	0.73	0.57	0.1	0.48	2.03	3.06	3.89	0.15	0.21	0.55	3.29	3.51	0.73	0.76	3.85	1.17	0.57	1.49	1	0.52	0.31	
IC23	10.57	16	4.06	16	0.65	16	0.59	16	9.64	16	9.06	9.08	16	16	16	16	0.27	16	16	16	16	0.58	16	12.71	16	16	16	16	16	0.16	16	6.07	11.68	3.23	16	10.18	16	16	16	16	5.09	14.65	15.35	14.54	1.47	16	2.75	5.8	16	13.68	
IC24	3.69	16	14.05	11.15	1.83	0.24	0.34	1.73	0.38	5.44	0.87	16	12.47	3.41	5	8.77	6.77	11.39	16	16	16	1.12	12.71	16	16	16	16	5.2	16	2.76	16	6.49	16	10.95	1.17	0.44	16	16	14.54	0.83	5.23	16	6.18	0.27	9.9	16	16	13.65	14.51	1.02	
IC25	10.49	16	16	16	5.45	4.05	0.22	2.54	1.1	14.54	0.91	16	16	5.41	5.62	16	6.49	16	16	16	16	0.26	16	16	16	16	16	3.58	16	0.15	16	13.71	16	5.97	2.02	0.44	16	16	16	0.89	4.02	16	16	0.03	16	16	16	16	16	7.85	
IC26	8.82	16	16	16	6.21	3.17	0.23	1.78	0.39	11.47	1.25	16	16	3.97	4.8	15.35	7.13	16	16	16	16	0.32	16	16	16	16	16	1.98	16	0.73	16	12.75	16	7.65	1.17	0.63	16	16	16	0.17	5.39	16	12.38	0.11	16	16	16	16	16	3.88	
IC27	9.31	16	16	16	5.92	2.74	0.24	1.28	0.3	11.55	2.17	16	16	3.46	3.8	14.06	8.87	16	16	16	16	0.51	16	16	16	16	16	1.94	16	0.3	16	13.72	16	8.79	0.74	1.08	16	16	16	0.02	7.48	16	15.65	0.4	16	16	16	16	16	4.45	
IC28	1.75	3.66	0.03	2.43	0.3	8.61	0.13	16	11.46	16	15.35	0.03	6.86	16	16	16	2.65	16	3.14	7.94	11.94	0.1	16	5.2	3.58	1.98	1.94	16	6.01	0.15	2.24	0.23	0.78	6.73	16	12.69	15.65	4	16	16	11.71	0.32	2.49	15.35	2.62	0.91	0.81	1.55	14.01	15.18	
IC29	13.38	16	13.76	16	3.52	8.71	0.85	7.12	3.57	16	0.58	16	16	12.45	11.47	16	3.54	16	16	16	16	0.04	16	16	16	16	16	6.01	16	0.78	16	10.8	16	1.13	6.42	0.84	16	16	16	4	0.7	16	16	1.84	12.88	16	13.78	16	16	13.07	
IC30	0.8	0.07	0.31	0.31	0.19	2.08	0.85	1.54	0.45	0.4	0.61	0.21	0.72	1.5	1.53	0.25	3.86	1.24	4.32	1.3	1.37	0.73	0.16	2.76	0.15	0.73	0.3	0.15	0.78	16	0.21	0.34	2.04	1.55	1.05	0.99	0.08	0.11	0.31	0.1	0.92	3.88	16	3.9	1.19	0.45	1.49	0.21	1.5	12.22	
IC31	6.11	16	16	16	5.3	2.32	0.44	0.51	0.12	6.63	2.31	16	16	2.28	1.6	10.64	10.57	16	16	16	16	0.57	16	16	16	16	16	2.24	16	0.21	16	10.21	16	7.92	0.52	2.04	16	16	13.81	0.24	6.04	16	14.88	1.02	13.03	16	16	16	16	7.44	
IC32	1.96	12.39	8.62	1.03	1.86	0.68	0.71	1.33	0.68	3.59	7.5	8.85	8.79	0.22	0.26	1.75	5.95	2.97	11.23	10.11	11.69	0.1	6.07	6.49	13.71	12.75	13.72	0.23	10.8	0.34	10.21	16	9.05	5.18	1.83	4.58	8.08	14.24	2.27	0.17	4.03	7.29	4.62	3.35	1.82	16	15.65	0.6	3.16	2.3	
IC33	5.89	16	16	16	7.68	0.82	0.05	0.06	0.89	5.46	4.5	16	16	1.07	1.49	7.36	8.93	11.36	16	16	16	0.48	11.68	16	16	16	16	0.78	16	2.04	16	9.05	16	16	0.24	3.02	16	16	10.29	2.34	14.31	16	7.18	1.62	16	16	16	16	16	0.9	
IC34	0.63	5.32	16	0.95	6.15	13.91	0.82	16	13.83	3.55	16	16	0.21	12.71	12.17	6.08	16	0.88	6.36	0.2	0.53	2.03	3.23	10.95	5.97	7.65	8.79	6.73	1.13	1.55	7.92	5.18	16	16	16	16	0.84	4.81	4.52	16	16	8.37	0.12	16	14.81	14.19	16	8.77	2.11	4.98	
IC35	3.83	1.92	1.9	6.41	1.42	16	1.02	16	16	16	16	0.95	9.04	16	16	16	13.3	16	2.27	8.55	14.22	3.06	16	1.17	2.02	1.17	0.74	16	6.42	1.05	0.52	1.83	0.24	16	16	16	16	2.49	16	16	16	0.27	1.61	16	3.74	0.17	6.78	0.31	16	10.84	
IC36	1.08	0.38	9.16	1.05	5.62	16	1.07	16	12.63	12.72	16	7.36	2.41	16	16	16	16	4.14	0.01	1.41	4.1	3.89	10.18	0.44	0.44	0.63	1.08	12.69	0.84	0.99	2.04	4.58	3.02	16	16	16	5.35	0.25	14.81	16	16	0.72	0.26	16	4.55	3.63	16	1.9	12.33	2.31	
IC37	11.83	16	5.92	16	2.61	16	0.36	16	9.41	16	4.39	16	16	16	16	16	0.25	16	16	16	16	0.15	16	16	16	16	16	15.65	16	0.08	16	8.08	16	0.84	16	5.35	16	16	16	14.35	1.52	16	15.35	9.18	4.12	16	6.04	14.26	16	16	
IC38	11.35	16	16	16	5.12	4.53	0.37	3.05	1.43	16	0.64	16	16	6.27	6.2	16	6.53	16	16	16	16	0.21	16	16	16	16	16	4	16	0.11	16	14.24	16	4.81	2.49	0.25	16	16	16	1.22	3.39	16	16	0.17	16	16	16	16	16	9.02	
IC39	8.43	16	1.78	16	0.47	16	0.76	16	13.22	16	15.65	6.13	16	16	16	16	1.27	16	16	16	16	0.55	16	14.54	16	16	16	16	16	0.31	13.81	2.27	10.29	4.52	16	14.81	16	16	16	16	8.34	10.81	9.23	16	0.52	11.79	0.77	8	16	16	
IC40	3.39	0.74	1.93	2.66	2.01	16	0.69	16	16	16	16	1.93	8.01	16	16	16	8.92	11.1	0.56	7.15	11.72	3.29	16	0.83	0.89	0.17	0.02	16	4	0.1	0.24	0.17	2.34	16	16	16	14.35	1.22	16	16	16	0.61	1.74	16	8.28	0.77	5.94	1.48	15.18	11.95	
IC41	0.57	4.61	11.53	0.52	5.48	11.88	0.35	16	14.4	6.46	16	13.92	0.34	16	15.05	8.59	16	2.33	3.21	0.1	1.33	3.51	5.09	5.23	4.02	5.39	7.48	11.71	0.7	0.92	6.04	4.03	14.31	16	16	16	1.52	3.39	8.34	16	16	10.42	0.11	16	16	11.46	16	10.34	2.45	6.2	
IC42	5.64	16	13.75	16	5.4	4.71	0.56	1.18	0.34	6.96	1.64	16	16	2.3	3.96	9.9	4.95	11.76	16	16	16	0.73	14.65	16	16	16	16	0.32	16	3.88	16	7.29	16	8.37	0.27	0.72	16	16	10.81	0.61	10.42	16	7.01	0.05	16	16	16	16	16	0.32	
IC43	4.45	16	3.13	13.12	0.3	1.07	2.47	1.69	2.06	9.24	0.23	12.12	14.88	3	4.31	8.37	6.71	16	5.79	16	16	0.76	15.35	6.18	16	12.38	15.65	2.49	16	16	14.88	4.62	7.18	0.12	1.61	0.26	15.35	16	9.23	1.74	0.11	7.01	16	0.08	5.08	12.72	2.18	7.79	9.53	16	
IC44	1.92	0.05	6.26	2.39	3.79	16	0.93	16	16	15.35	16	4.92	3.66	16	16	16	16	5.54	0.43	3.07	5.97	3.85	14.54	0.27	0.03	0.11	0.4	15.35	1.84	3.9	1.02	3.35	1.62	16	16	16	9.18	0.17	16	16	16	0.05	0.08	16	2.95	2.15	12.24	1.17	16	1.72	
IC45	1.58	16	9.41	13.08	3.74	0.24	0.5	1.64	1.83	1.56	6.3	16	4.06	0.62	0.12	0.66	5.67	1.26	8.97	6.96	4.2	1.17	1.47	9.9	16	16	16	2.62	12.88	1.19	13.03	1.82	16	14.81	3.74	4.55	4.12	16	0.52	8.28	16	16	5.08	2.95	16	16	11.3	16	5.05	0.88	
IC46	6.8	16	16	16	7.3	0.74	0.05	0.02	0.26	6.73	4.97	16	16	1.16	1.26	8.06	12.33	16	16	16	16	0.57	16	16	16	16	16	0.91	16	0.45	16	16	16	14.19	0.17	3.63	16	16	11.79	0.77	11.46	16	12.72	2.15	16	16	16	16	16	4.03	
IC47	1.6	16	16	5.74	7.5	1.95	1.1	7.27	3.3	0	16	16	8.03	2.5	3.12	0.1	16	2.52	16	9.61	6.86	1.49	2.75	16	16	16	16	0.81	13.78	1.49	16	15.65	16	16	6.78	16	6.04	16	0.77	5.94	16	16	2.18	12.24	11.3	16	16	11.86	1.88	0.23	
IC48	5.12	16	11.98	16	5.3	1.39	0.58	0.06	0.03	5.45	1.96	16	14.19	1.48	1.58	5.64	5.07	9.69	13.96	16	12.35	1	5.8	13.65	16	16	16	1.55	16	0.21	16	0.6	16	8.77	0.31	1.9	14.26	16	8	1.48	10.34	16	7.79	1.17	16	16	11.86	16	11.74	4.69	
IC49	8.61	16	2.46	16	1.39	16	0.78	16	10.59	16	8.63	9.77	16	16	16	16	1.01	16	16	16	16	0.52	16	14.51	16	16	16	14.01	16	1.5	16	3.16	16	2.11	16	12.33	16	16	16	15.18	2.45	16	9.53	16	5.05	16	1.88	11.74	16	9.72	
IC50	5.8	7.54	0.73	4.89	0.44	2.91	0.65	6.68	6.43	11.78	3.52	3.67	9.56	7.78	7.19	11.77	0.43	16	1.84	16	16	0.31	13.68	1.02	7.85	3.88	4.45	15.18	13.07	12.22	7.44	2.3	0.9	4.98	10.84	2.31	16	9.02	16	11.95	6.2	0.32	16	1.72	0.88	4.03	0.23	4.69	9.72	16	
